function f01 = FR_Dyn_poly(in1,in2)
%FR_DYN_POLY
%    F01 = FR_DYN_POLY(IN1,IN2)

%    This function was generated by the Symbolic Math Toolbox version 8.0.
%    04-Sep-2018 13:56:10

U2 = in2(2,:);
Y2 = in1(1,:);
Y3 = in1(2,:);
Y4 = in1(3,:);
Y5 = in1(4,:);
Y6 = in1(5,:);
Y7 = in1(6,:);
Y8 = in1(7,:);
Y9 = in1(8,:);
t2 = Y5.^2;
t3 = Y9.^2;
t4 = Y3-1.0;
t5 = Y5.*Y9.*t3.*(1.0e1./3.0);
t6 = t2.*1.0e1;
t7 = t2.^2;
t8 = t3.^2;
t9 = U2.*9.55794504181601;
t10 = Y7.^2;
t11 = U2.*Y9.*t3.*(1.0e1./3.0);
t12 = Y9.*t4.*2.0e1;
t13 = Y9.*t3.*1.0e1;
t14 = t8.*3.982477100756671e-1;
t15 = Y9.*t3.*t4.*(2.0e1./3.0);
t16 = Y6.^2;
t17 = Y5.*t3.*t4.*2.0e1;
t18 = t4.^2;
t19 = Y2-1.0;
t20 = Y3.*9.55794504181601;
t21 = U2.*t3.*4.778972520908005;
t22 = Y4.^2;
t23 = t3.*4.778972520908005;
t24 = t19.^2;
f01 = [t5+t6+t7.*(5.0./3.0)+t11+t12+t13+t15+t17-U2.*Y5.*2.0e1-U2.*Y9.*2.0e1+Y5.*Y9.*1.0e1+Y5.*t2.*1.0e1+Y5.*t3.*3.0e1+Y5.*t4.*2.0e1+Y9.*t2.*3.0e1+t2.*t3.*1.0e1+U2.*Y5.*t2.*(1.0e1./3.0)+U2.*Y5.*t3.*1.0e1+U2.*Y9.*t2.*1.0e1+Y5.*Y9.*t2.*(2.5e1./3.0)+Y5.*t2.*t4.*(2.0e1./3.0)+Y9.*t2.*t4.*2.0e1;Y4;U2.*2.0e1-Y3.*2.0e1-Y5.*1.0e1-t3.*1.0e1+t5-t6+t7.*(5.0./6.0)+t8.*(5.0./6.0)-Y5.*Y9.*2.0e1-U2.*t2.*1.0e1-U2.*t3.*1.0e1+Y5.*t2.*(5.0./3.0)+t2.*t3.*5.0-U2.*Y5.*Y9.*2.0e1+Y5.*Y9.*t2.*(1.0e1./3.0)+1.9e1;Y6;Y3.*(-9.55794504181601)-Y5.*4.778972520908005-t2.*4.778972520908005-t3.*4.778972520908005-t7.*1.991238550378335+t9+t14-Y5.*Y9.*9.55794504181601-U2.*t3.*4.778972520908005-Y5.*t2.*1.592990840302668-Y9.*t2.*4.778972520908005-t2.*t3.*9.55794504181601-t2.*t4.*4.778972520908005-Y5.*Y9.*t2.*7.964954201513341-Y5.*Y9.*t3.*3.185981680605337-Y5.*Y9.*t4.*9.55794504181601+9.55794504181601;Y8;Y5.*4.778972520908005-Y7.*5.0+t2.*4.778972520908005+t7.*1.991238550378335-t9-t11-t12-t13-t14-t15-t16.*(1.0./2.0)-t17+t20+t21+t23-U2.*Y7.*1.5221027479092e1+U2.*Y9.*2.0e1+Y5.*Y7.*7.610513739545998-Y5.*Y9.*(3.7e2./8.37e2)+Y5.*t2.*1.592990840302668-Y5.*t3.*2.0e1+Y7.*t2.*7.610513739545998+Y7.*t3.*7.610513739545998+Y7.*t4.*1.5221027479092e1-Y9.*t2.*5.221027479091995-t2.*t3.*(3.7e2./8.37e2)+t2.*t4.*4.778972520908005+t10.*t16.*(1.0./4.0)+Y5.*Y7.*Y9.*1.5221027479092e1+U2.*Y7.*t3.*7.610513739545998+U2.*Y7.*t10.*2.536837913181999-U2.*Y9.*t10.*1.0e1+Y5.*Y7.*t2.*2.536837913181999+Y5.*Y9.*t2.*4.631620868180008-Y5.*Y9.*t3.*1.473516527279968e-1+Y5.*Y9.*t4.*9.55794504181601+Y7.*Y9.*t2.*7.610513739545998-Y5.*Y7.*t10.*1.268418956591+Y5.*Y9.*t10.*5.0+Y7.*t2.*t4.*7.610513739545998-Y9.*t2.*t4.*1.0e1-Y7.*t4.*t10.*2.536837913181999+Y9.*t4.*t10.*1.0e1+Y5.*Y7.*Y9.*t4.*1.5221027479092e1-9.55794504181601;-Y2+Y3+Y5.*(1.0./2.0)-Y6+t2.*(3.0./4.0)+t3-t7.*(1.0./1.6e1)-t8.*(1.0./3.0)-t18-Y4.*Y5-Y4.*Y9+Y5.*Y9.*2.0-Y6.*Y9.*(1.0./2.0)+Y4.*t2.*(1.0./2.0)-Y5.*t2.*(1.1e1./2.4e1)-Y5.*t3.*(1.0./2.0)-Y5.*t4-Y9.*t2+Y5.*t18.*(3.0./2.0)+Y5.*t19.*(1.0./2.0)-t2.*t3.*(7.0./4.0)-t2.*t4.*(1.0./4.0)-t3.*t4-t2.*t18.*(1.0./2.0)+t2.*t19.*(3.0./4.0)+t3.*t18+t3.*t19+t4.*t18+t4.*t19-t18.*t19-t18.^2+Y4.*Y5.*Y9.*(1.0./2.0)+Y5.*Y6.*Y9.*(1.0./4.0)+Y4.*Y5.*t2.*(5.0./1.2e1)+Y4.*Y5.*t3.*2.0+Y4.*Y5.*t4+Y5.*Y6.*t3.*(1.0./2.0)+Y4.*Y9.*t2.*(7.0./4.0)+Y4.*Y9.*t3.*(2.0./3.0)-Y5.*Y9.*t2.*(5.0./6.0)+Y4.*Y9.*t4-Y5.*Y9.*t3.*(4.0./3.0)+Y6.*Y9.*t2.*(1.0./8.0)-Y5.*Y9.*t4.*2.0+Y6.*Y9.*t3.*(1.0./3.0)+Y6.*Y9.*t4.*(1.0./2.0)-Y4.*Y5.*t18-Y4.*Y9.*t18+Y5.*Y9.*t18.*2.0+Y5.*Y9.*t19.*2.0-Y6.*Y9.*t18.*(1.0./2.0)-Y4.*t2.*t4+Y5.*t2.*t4.*(2.0./3.0)+Y5.*t3.*t4+Y9.*t2.*t4.*2.0-Y5.*t2.*t19.*(1.1e1./2.4e1)-Y5.*t3.*t19.*(1.0./2.0)-Y5.*t4.*t18.*2.0-Y5.*t4.*t19-Y9.*t2.*t19+Y5.*t18.*t19.*(3.0./2.0)-t2.*t4.*t19.*(1.0./4.0)-t3.*t4.*t19+t4.*t18.*t19-Y4.*Y5.*Y9.*t4-Y5.*Y6.*Y9.*t4.*(1.0./2.0)-Y5.*Y9.*t4.*t19.*2.0-1.0;Y4.*2.0+Y5.*3.778972520908005+Y6-Y9+t2.*6.278972520908005-t7.*3.837614496216647e-1-t9-t14+t16.*(1.0./2.0)+t20+t21+t23-U2.*Y9.*4.778972520908005-Y4.*Y5.*2.0-Y5.*Y6+Y5.*Y9.*1.344743130227001e1-Y4.*t2.*(9.0./2.0)-Y4.*t3.*6.0+Y5.*t2.*3.009657506969335-Y4.*t4.*4.0+Y5.*t3.*1.2778972520908e1-Y6.*t2.*(3.0./4.0)+Y5.*t4.*3.0-Y6.*t3.*3.0-Y6.*t4.*2.0+Y9.*t2.*1.272371565113501e1+Y9.*t3.*5.056152927120669+Y9.*t4.*7.778972520908005-Y5.*t16.*(1.0./4.0)+Y4.*t18.*6.0+Y4.*t19.*2.0-Y5.*t18.*5.0-Y5.*t19.*4.0+Y6.*t18.*3.0+Y6.*t19+Y9.*t16.*(1.0./2.0)+Y5.*t22.*2.0-Y9.*t18.*9.778972520908005-Y9.*t19.*4.0-Y5.*t24.*2.0+Y9.*t22.*2.0-Y9.*t24.*2.0-t2.*t3.*(5.11e2./2.79e2)-t2.*t4.*(1.85e2./8.37e2)-t2.*t16.*(1.0./8.0)-t3.*t16.*(1.0./2.0)+t2.*t18.*(2.1e1./2.0)-t4.*t16.*(1.0./2.0)+t2.*t19.*4.0-t2.*t22.*2.0+t2.*t24.*2.0+t16.*t18.*(1.0./2.0)+U2.*Y5.*Y9.*2.389486260454002+Y4.*Y5.*Y6-Y4.*Y5.*Y9.*1.2e1+Y4.*Y6.*Y9.*2.0-Y5.*Y6.*Y9.*4.0+U2.*Y5.*t3.*4.778972520908005+U2.*Y9.*t2.*(1.0e3./8.37e2)+U2.*Y9.*t3.*5.575467941059339+U2.*Y9.*t4.*4.778972520908005-U2.*Y9.*t18.*4.778972520908005+Y4.*Y5.*t2.*(1.6e1./3.0)+Y4.*Y5.*t3.*6.0-Y4.*Y6.*t2+Y4.*Y5.*t4.*6.0+Y5.*Y6.*t2.*(7.0./6.0)+Y5.*Y6.*t3.*3.0+Y4.*Y9.*t2.*1.2e1+Y5.*Y6.*t4.*3.0-Y5.*Y9.*t2.*1.405665073675826-Y5.*Y9.*t3.*2.601752289924333+Y6.*Y9.*t2.*4.0-Y5.*Y9.*t4.*(1.85e2./8.37e2)-Y4.*Y5.*t18.*1.2e1-Y4.*Y5.*t19.*2.0-Y5.*Y6.*t18.*6.0-Y5.*Y6.*t19-Y5.*Y9.*t16+Y5.*Y9.*t18.*1.766845878136201e1+Y5.*Y9.*t19.*4.0-Y5.*Y9.*t22.*2.0+Y5.*Y9.*t24.*2.0+Y4.*t2.*t4.*6.0+Y4.*t3.*t4.*1.2e1-Y5.*t2.*t4.*(3.0./4.0)-Y5.*t3.*t4.*2.2778972520908e1+Y6.*t3.*t4.*6.0-Y9.*t2.*t4.*1.1555256869773e1-Y9.*t3.*t4.*1.157546794105934e1-Y4.*t2.*t19.*(9.0./2.0)+Y5.*t4.*t16.*(1.0./2.0)-Y4.*t3.*t19.*6.0-Y4.*t4.*t18.*8.0+Y5.*t2.*t19.*(1.1e1./3.0)-Y4.*t4.*t19.*4.0+Y5.*t3.*t19.*2.0e1+Y5.*t4.*t18.*7.0-Y6.*t2.*t19.*(3.0./4.0)+Y5.*t4.*t19.*8.0-Y6.*t3.*t19.*3.0-Y6.*t4.*t18.*4.0-Y6.*t4.*t19.*2.0-Y9.*t4.*t16+Y9.*t2.*t19.*1.7e1-Y5.*t4.*t22.*4.0+Y9.*t3.*t19.*(2.0e1./3.0)+Y9.*t4.*t18.*1.1778972520908e1+Y9.*t4.*t19.*8.0+Y5.*t4.*t24.*4.0-Y9.*t4.*t22.*4.0+Y9.*t4.*t24.*4.0+Y4.*t18.*t19.*6.0-Y5.*t18.*t19.*1.2e1+Y6.*t18.*t19.*3.0-Y9.*t18.*t19.*1.2e1-t2.*t4.*t19.*1.2e1-Y4.*Y5.*Y6.*Y9.*2.0-U2.*Y5.*Y9.*t4.*4.778972520908005-Y4.*Y5.*Y6.*t4.*2.0+Y4.*Y5.*Y9.*t4.*2.4e1-Y4.*Y6.*Y9.*t4.*4.0+Y5.*Y6.*Y9.*t4.*8.0-Y4.*Y5.*Y9.*t19.*1.2e1-Y5.*Y6.*Y9.*t19.*4.0+Y4.*Y5.*t4.*t19.*6.0+Y5.*Y6.*t4.*t19.*3.0-Y5.*Y9.*t4.*t19.*1.2e1-9.55794504181601];
