function f11_poly = LR_Dyn_poly_f(in1)
%LR_DYN_POLY_F
%    F11_POLY = LR_DYN_POLY_F(IN1)

%    This function was generated by the Symbolic Math Toolbox version 8.1.
%    04-Sep-2018 22:38:32

Y2 = in1(2,:);
Y3 = in1(3,:);
Y4 = in1(4,:);
Y5 = in1(5,:);
Y6 = in1(6,:);
Y7 = in1(7,:);
Y9 = in1(9,:);
t2 = Y3-1.0;
t3 = Y7.^2;
t4 = Y5.^2;
t5 = Y9.^2;
t6 = Y5.*Y9.*t5.*(1.0e1./3.0);
t7 = t3.^2;
t8 = t5.^2;
t9 = t2.^2;
t10 = Y2-1.0;
t11 = t4.^2;
t12 = Y9.*t2.*2.0e1;
t13 = Y6.^2;
t14 = Y4.^2;
t15 = t3.*4.778972520908005;
t16 = Y9.*t5.*1.0e1;
t17 = t8.*3.982477100756671e-1;
t18 = t10.^2;
t19 = t9.^2;
t20 = t2.*t9.*t10;
t21 = Y5.*t2;
t22 = Y4.*Y5.*t4.*(5.0./1.2e1);
t23 = t4.*(3.0./4.0);
t24 = Y5.*t4.*(1.1e1./2.4e1);
t25 = t2.*t10;
t26 = t4.*t10.*(3.0./4.0);
t27 = Y5.*t4.*t10.*(1.1e1./2.4e1);
t28 = Y5.*t2.*t9.*2.0;
t29 = Y5.*t2.*t10;
t30 = Y4.*t2.*t4;
t31 = Y4.*Y5.*t2;
t32 = Y4.*2.0;
t33 = Y5.*8.55794504181601;
t34 = Y4.*Y5.*2.0;
t35 = Y4.*t10.*2.0;
t36 = Y5.*t2.*3.0;
t37 = Y6.*t2.*2.0;
t38 = Y7.*t2.*2.0e1;
t39 = Y5.*t14.*2.0;
t40 = Y6.*t4.*(3.0./4.0);
t41 = Y5.*Y6.*t4.*(7.0./6.0);
t42 = Y5.*t4.*4.602648347272003;
t43 = t11.*(1.9e1./8.0);
t44 = Y7.*t3.*1.0e1;
t45 = t7.*3.982477100756671e-1;
t46 = t5.*4.778972520908005;
t47 = Y4.*t9.*6.0;
t48 = t2.*t4.*5.0;
t49 = Y5.*t4.*t10.*(1.1e1./3.0);
t50 = Y5.*t2.*t9.*7.0;
t51 = t2.*t13.*(1.0./2.0);
t52 = Y6.*t2.*t9.*4.0;
t53 = t4.*t14.*2.0;
t54 = t4.*t13.*(1.0./8.0);
t55 = Y5.*t2.*t10.*8.0;
t56 = Y6.*t2.*t10.*2.0;
t57 = Y4.*Y5.*t9.*1.2e1;
t58 = Y4.*t2.*t4.*6.0;
t59 = Y6.*t4.*t10.*(3.0./4.0);
t60 = Y5.*t2.*t13.*(1.0./2.0);
t61 = Y5.*Y7.*Y9.*1.5221027479092e1;
t62 = Y4.*t9.*t10.*6.0;
t63 = Y5.*t2.*t18.*4.0;
t64 = t2.*t4.*t10.*1.2e1;
t65 = Y4.*Y5.*t10.*2.0;
t66 = Y5.*Y6.*t2.*3.0;
t67 = Y5.*Y7.*t2.*9.55794504181601;
t68 = Y7.*Y9.*t4.*2.5221027479092e1;
t69 = Y4.*Y5.*Y6.*t2.*2.0;
t70 = Y5.*Y7.*Y9.*t2.*2.0e1;
t71 = Y5.*Y6.*t2.*t10.*3.0;
f11_poly = [Y2;t6+t12+t16+t38+t44-Y5.*Y7.*1.0e1+Y5.*Y9.*1.0e1+Y5.*t2.*4.0e1+Y5.*t3.*3.0e1+Y5.*t4.*2.0e1+Y5.*t5.*3.0e1+Y7.*t4.*3.0e1+Y9.*t4.*3.0e1-t3.*t4.*1.0e1+t4.*t5.*1.0e1-Y5.*Y7.*t3.*(1.0e1./3.0)-Y5.*Y7.*t4.*(2.5e1./3.0)+Y5.*Y9.*t4.*(2.5e1./3.0)+Y5.*t2.*t3.*2.0e1+Y5.*t2.*t4.*(4.0e1./3.0)+Y5.*t2.*t5.*2.0e1+Y7.*t2.*t3.*(2.0e1./3.0)+Y7.*t2.*t4.*2.0e1+Y9.*t2.*t4.*2.0e1+Y9.*t2.*t5.*(2.0e1./3.0);Y4;Y3.*-4.0e1-t3.*1.0e1-t4.*2.0e1-t5.*1.0e1+t6+t7.*(5.0./6.0)+t8.*(5.0./6.0)+t11.*(5.0./3.0)-Y5.*Y7.*2.0e1-Y5.*Y9.*2.0e1+t3.*t4.*5.0+t4.*t5.*5.0+Y5.*Y7.*t3.*(1.0e1./3.0)+Y5.*Y7.*t4.*(1.0e1./3.0)+Y5.*Y9.*t4.*(1.0e1./3.0)+3.9e1;Y6;Y5.*(-9.55794504181601)-t5.*4.778972520908005-t7.*3.982477100756671e-1+t15+t17+t67+Y5.*Y7.*9.55794504181601-Y5.*Y9.*9.55794504181601-Y5.*t4.*3.185981680605337-Y7.*t4.*4.778972520908005-Y9.*t4.*4.778972520908005+t3.*t4.*9.55794504181601-t4.*t5.*9.55794504181601+Y5.*Y7.*t3.*3.185981680605337+Y5.*Y7.*t4.*7.964954201513341-Y5.*Y9.*t2.*9.55794504181601-Y5.*Y9.*t4.*7.964954201513341-Y5.*Y9.*t5.*3.185981680605337;-Y2+Y3-Y5.*(1.0./2.0)-Y6+t3-t7.*(1.0./3.0)-t9-t11.*(1.0./1.6e1)-t19+t20+t21+t22+t23+t24+t25+t26+t27+t28+t29+t30+t31-Y4.*Y5-Y4.*Y7+Y5.*Y7.*2.0+Y6.*Y7.*(1.0./2.0)-Y4.*t4.*(1.0./2.0)+Y5.*t3.*(1.0./2.0)+Y7.*t4-Y5.*t9.*(3.0./2.0)-Y5.*t10.*(1.0./2.0)-t2.*t3-t2.*t4.*(1.0./4.0)-t3.*t4.*(7.0./4.0)+t2.*t9+t3.*t9+t3.*t10-t4.*t9.*(1.0./2.0)-t9.*t10-Y4.*Y5.*Y7.*(1.0./2.0)+Y5.*Y6.*Y7.*(1.0./4.0)+Y4.*Y5.*t3.*2.0+Y4.*Y7.*t2+Y4.*Y7.*t3.*(2.0./3.0)-Y5.*Y6.*t3.*(1.0./2.0)-Y5.*Y7.*t2.*2.0+Y4.*Y7.*t4.*(7.0./4.0)-Y5.*Y7.*t3.*(4.0./3.0)-Y6.*Y7.*t2.*(1.0./2.0)-Y5.*Y7.*t4.*(5.0./6.0)-Y6.*Y7.*t3.*(1.0./3.0)-Y6.*Y7.*t4.*(1.0./8.0)-Y4.*Y5.*t9-Y4.*Y7.*t9+Y5.*Y7.*t9.*2.0+Y5.*Y7.*t10.*2.0+Y6.*Y7.*t9.*(1.0./2.0)-Y5.*t2.*t3-Y5.*t2.*t4.*(2.0./3.0)-Y7.*t2.*t4.*2.0+Y5.*t3.*t10.*(1.0./2.0)+Y7.*t4.*t10-Y5.*t9.*t10.*(3.0./2.0)-t2.*t3.*t10-t2.*t4.*t10.*(1.0./4.0)+Y4.*Y5.*Y7.*t2-Y5.*Y6.*Y7.*t2.*(1.0./2.0)-Y5.*Y7.*t2.*t10.*2.0-1.0;-Y6-Y7-t4.*(3.0./2.0)-t12-t13.*(1.0./2.0)-t15-t16-t17+t32+t33+t34+t35+t36+t37+t39+t40+t41+t42+t43+t45+t46+t47+t48+t49+t50+t51+t52+t53+t54+t55+t56+t57+t58+t59+t60+t61+t62+t63+t64+t65+t66+t68+t69+t70+t71-Y5.*Y6-Y5.*Y7.*5.836917562724014-Y5.*Y9.*(3.7e2./8.37e2)-Y4.*t2.*4.0-Y4.*t3.*6.0-Y4.*t4.*(9.0./2.0)+Y5.*t3.*1.2778972520908e1+Y6.*t3.*3.0+Y7.*t2.*2.3e1-Y5.*t5.*2.0e1+Y7.*t3.*5.056152927120669+Y7.*t4.*2.4139486260454e1+Y7.*t5.*7.610513739545998-Y9.*t4.*1.0221027479092e1-Y5.*t9.*5.0-Y5.*t10.*4.0-Y6.*t9.*3.0-Y6.*t10-Y7.*t9.*2.5e1-Y7.*t10.*4.0-Y5.*t13.*(1.0./4.0)+Y9.*t9.*2.0e1+Y7.*t13.*(1.0./2.0)+Y7.*t14.*2.0-Y5.*t18.*2.0-Y7.*t18.*2.0-t3.*t4.*5.778972520908005-t4.*t5.*1.044205495818399e1-t4.*t9.*(2.1e1./2.0)-t4.*t10.*4.0+t3.*t13.*(1.0./2.0)-t4.*t18.*2.0-t9.*t13.*(1.0./2.0)-Y4.*Y5.*Y6-Y4.*Y5.*Y7.*1.2e1-Y4.*Y6.*Y7.*2.0+Y5.*Y6.*Y7.*4.0-Y4.*Y5.*t2.*6.0-Y4.*Y5.*t3.*6.0-Y4.*Y5.*t4.*(1.6e1./3.0)-Y4.*Y6.*t4+Y5.*Y6.*t3.*3.0+Y5.*Y7.*t2.*(1.85e2./8.37e2)-Y4.*Y7.*t4.*1.2e1-Y5.*Y7.*t3.*2.471923536439665+Y5.*Y7.*t4.*5.845131421744325+Y5.*Y9.*t2.*9.55794504181601+Y5.*Y7.*t5.*3.805256869772999+Y5.*Y9.*t3.*1.0e1+Y6.*Y7.*t4.*4.0+Y5.*Y9.*t4.*2.131620868180008-Y5.*Y9.*t5.*5.147351652727997-Y5.*Y6.*t9.*6.0-Y5.*Y6.*t10-Y5.*Y7.*t9.*2.5278972520908e1-Y5.*Y7.*t10.*4.0+Y5.*Y9.*t9.*1.0e1+Y5.*Y7.*t13+Y5.*Y7.*t14.*2.0-Y5.*Y7.*t18.*2.0+Y4.*t2.*t3.*1.2e1-Y5.*t2.*t3.*3.8e1-Y5.*t2.*t4.*(3.0./4.0)-Y6.*t2.*t3.*6.0-Y7.*t2.*t3.*2.172281959378734e1-Y7.*t2.*t4.*2.2971027479092e1-Y7.*t2.*t5.*7.610513739545998+Y9.*t2.*t3.*2.0e1-Y4.*t2.*t9.*8.0+Y9.*t2.*t4.*1.5e1-Y4.*t2.*t10.*4.0+Y9.*t2.*t5.*(1.0e1./3.0)-Y4.*t3.*t10.*6.0-Y4.*t4.*t10.*(9.0./2.0)+Y5.*t3.*t10.*2.0e1+Y7.*t2.*t9.*2.7e1+Y6.*t3.*t10.*3.0+Y7.*t2.*t10.*8.0+Y7.*t3.*t10.*(2.0e1./3.0)-Y9.*t2.*t9.*2.0e1-Y5.*t2.*t14.*4.0+Y7.*t4.*t10.*1.7e1-Y7.*t2.*t13-Y7.*t2.*t14.*4.0-Y5.*t9.*t10.*1.2e1-Y6.*t9.*t10.*3.0-Y7.*t9.*t10.*1.2e1+Y7.*t2.*t18.*4.0-Y4.*Y5.*Y6.*Y7.*2.0+Y4.*Y5.*Y7.*t2.*2.4e1+Y4.*Y6.*Y7.*t2.*4.0-Y5.*Y6.*Y7.*t2.*8.0-Y4.*Y5.*Y7.*t10.*1.2e1+Y5.*Y6.*Y7.*t10.*4.0-Y4.*Y5.*t2.*t10.*6.0+Y5.*Y7.*t2.*t10.*1.2e1;-Y2+Y3+Y5.*(1.0./2.0)-Y6+t5-t8.*(1.0./3.0)-t9-t11.*(1.0./1.6e1)-t19+t20-t21+t22+t23-t24+t25+t26-t27-t28-t29-t30+t31-Y4.*Y5-Y4.*Y9+Y5.*Y9.*2.0-Y6.*Y9.*(1.0./2.0)+Y4.*t4.*(1.0./2.0)-Y5.*t5.*(1.0./2.0)-Y9.*t4+Y5.*t9.*(3.0./2.0)+Y5.*t10.*(1.0./2.0)-t2.*t4.*(1.0./4.0)-t2.*t5-t4.*t5.*(7.0./4.0)+t2.*t9-t4.*t9.*(1.0./2.0)+t5.*t9+t5.*t10-t9.*t10+Y4.*Y5.*Y9.*(1.0./2.0)+Y5.*Y6.*Y9.*(1.0./4.0)+Y4.*Y5.*t5.*2.0+Y4.*Y9.*t2+Y5.*Y6.*t5.*(1.0./2.0)-Y5.*Y9.*t2.*2.0+Y4.*Y9.*t4.*(7.0./4.0)+Y6.*Y9.*t2.*(1.0./2.0)-Y4.*Y5.*t9+Y4.*Y9.*t5.*(2.0./3.0)-Y5.*Y9.*t4.*(5.0./6.0)-Y5.*Y9.*t5.*(4.0./3.0)+Y6.*Y9.*t4.*(1.0./8.0)+Y6.*Y9.*t5.*(1.0./3.0)-Y4.*Y9.*t9+Y5.*Y9.*t9.*2.0+Y5.*Y9.*t10.*2.0-Y6.*Y9.*t9.*(1.0./2.0)+Y5.*t2.*t4.*(2.0./3.0)+Y5.*t2.*t5+Y9.*t2.*t4.*2.0-Y5.*t5.*t10.*(1.0./2.0)-Y9.*t4.*t10+Y5.*t9.*t10.*(3.0./2.0)-t2.*t4.*t10.*(1.0./4.0)-t2.*t5.*t10-Y4.*Y5.*Y9.*t2-Y5.*Y6.*Y9.*t2.*(1.0./2.0)-Y5.*Y9.*t2.*t10.*2.0-1.0;